7.461836419094747090e-03 1.375399135493361345e-03
2.371814528607624900e-02 2.157343661701257957e-03
5.853804080170563889e-02 2.840538560789368592e-03
5.941364673452398382e-02 3.423547583820770249e-03
9.549679632636091930e-02 4.050301860403279081e-03
9.542096422323428917e-02 5.870883423107499041e-03
3.937997717177869894e-02 4.871990912738239678e-03
6.542523913382222722e-02 3.628452840337326093e-03
3.803393915271667536e-02 2.064149049947908588e-03
2.411767522127600694e-03 2.163318458043149049e-04
2.552769942668414553e-03 2.894787430843626195e-04
8.139556219148205707e-03 7.057786580425169654e-04
2.483023606835590286e-02 1.751334607647812933e-03
6.735786551326716776e-02 4.535600617275630658e-03
2.942745996975169517e-02 2.823720767676902565e-03
6.100655939129416561e-03 6.721890702026542480e-04
7.345775186335290648e-03 8.664557475112200481e-04
3.695926326932412465e-02 3.599134100710951658e-03
3.194344437051414853e-02 2.591683468675501627e-03
4.540598377183295564e-02 2.528391568536758963e-03
2.461359165924827900e-03 8.243767966667668807e-04
2.583812159737744474e-02 2.508644076558982656e-03
1.158863855195778553e-03 4.643122249525234420e-04
3.630246908409041906e-02 3.288173249273143063e-03
5.141738607055352031e-03 1.687484770252043950e-03
1.751164907992948036e-02 2.124872378743306121e-03
4.827652629046624150e-02 3.973281173868934389e-03
1.217420841939241896e-02 1.647386682323857170e-03
8.230887526832972312e-03 7.290846739366850645e-04
4.042905318509050494e-02 1.555497538255962891e-03
5.853210410625654669e-02 2.517598388220408743e-03
1.693389422635304536e-02 1.071715237420436820e-03
6.597671944506304162e-03 3.614067076956967378e-04
3.309049429754900434e-02 1.712632886396033569e-03
9.544789495777307453e-02 4.612820119148102957e-03
8.518555125803236455e-03 7.013896381130485828e-04
3.279603614257999792e-03 5.252332952400305070e-04
2.466520945245623264e-02 1.920338001313401811e-03
2.770915636408299854e-02 1.946491184375818062e-03
9.604456227884797248e-02 5.174673069852944902e-03
3.396768415896465193e-02 1.483043103611744696e-03
5.234605070008371136e-02 2.577415235303197934e-03
5.353705063389947727e-02 3.661857686113767930e-03
8.127574550301639583e-03 1.331728324444735089e-03
1.178022680764503546e-02 1.451931323621113252e-03
4.722696789425752384e-02 2.510069729474328788e-03
1.611944076072472851e-02 1.783507726326773180e-03
3.077176215518521909e-03 4.330259999211708965e-04
2.018888547755761514e-02 2.107186740824763121e-03
1.687186010116349666e-02 1.635591382837178016e-03
4.815308594572833591e-03 4.138186837892020059e-04
2.288016791868888525e-03 2.125547587028933151e-04
2.087925779331479409e-02 1.318368005128306734e-03
3.784052094176643122e-02 3.321792496280414828e-03
7.101198444402314399e-04 9.564067614751209725e-05
6.271266240104696925e-04 6.657621326295195630e-05
1.713000612938165440e-02 4.585582267961264987e-04
7.076725701719235526e-03 6.198255198517673824e-04
3.015105432460495755e-02 1.942692269191866050e-03
4.603320128489989810e-02 2.510767664487459101e-03
5.488993288021515315e-02 2.315117906192748660e-03
4.350086006999405452e-02 3.934494154684538801e-03
3.629350670097460096e-02 1.999179579853495314e-03
2.261105365514783604e-03 6.497430645211060580e-04
2.990271822915661903e-03 6.887209628952401918e-04
1.590118578244211585e-03 3.600114702642042926e-04
8.022840090642758756e-03 1.015703417844415280e-03
1.738575878750915692e-04 8.170230775773949751e-05
1.274789078343116847e-02 6.734459218345524318e-04
0.000000000000000000e+00 0.000000000000000000e+00
1.023845884595472010e-02 4.567856165256116213e-04
3.546428249507581343e-02 1.230552176612367083e-03
9.335033876713038498e-03 5.371211329934953357e-04
1.822299270249818498e-02 1.444702869231823854e-03
2.453667753931901285e-02 9.442297044310851749e-04
3.241385897548260814e-03 2.743401360357470447e-04
3.560042620060891762e-03 4.849882675761214693e-04
2.306867996996677522e-02 1.865128413966323645e-03
2.049964593387088637e-03 2.396870936401383247e-04
5.242090270321161753e-03 4.024447104098460870e-04
2.569919727364375350e-02 1.145950920528898947e-03
7.283232461543229577e-03 6.130722200555678309e-04
1.727342210406169250e-03 2.415671167671500530e-04
1.152874776853053153e-02 5.621447249461606005e-04
2.634368452502535568e-02 1.238473807529980953e-03
3.037908683378851091e-03 3.105914800813186472e-04
0.000000000000000000e+00 0.000000000000000000e+00
2.139107057670466133e-02 5.357546359336873764e-04
4.855997838022970163e-04 1.900086058498715741e-04
2.072866028685573653e-02 1.710970751472932951e-03
4.274505761624081829e-02 2.711062140817867110e-03
6.788621078620228622e-02 3.473076706890525136e-03
4.501744395690013972e-02 2.357654584577241474e-03
5.893800969804248446e-02 3.954310460609546975e-03
3.743664960654848745e-02 2.200287449928034055e-03
3.305431777376056229e-02 4.302013363501206063e-03
4.630581466797526607e-02 3.705972215318020010e-03
2.459971276156100624e-03 3.426437747468945739e-04
6.470342369122419890e-02 5.130823428892639787e-03
7.941012704202189687e-02 4.075347665708733795e-03
1.034306324770644693e-02 7.173442630698161158e-04
2.284488231901864522e-02 2.353014410521369129e-03
3.839708086607995091e-02 2.852719221400626653e-03
2.953102368524966950e-02 2.833191302344815077e-03
1.915791666594128225e-04 1.408807098075432099e-05
3.575391656128126903e-03 2.540036864731785816e-04
3.132556288152329310e-02 2.133524591621708145e-03
2.287998506487822978e-02 1.384816679335346308e-03
2.290316810031712766e-02 1.643019020324816819e-03
4.667491386930987946e-02 5.462374113832981978e-03
4.532203635052760998e-02 2.142080291216373264e-03
5.960730860597053538e-02 3.106791432283647052e-03
5.642478602370996216e-02 3.475406920953976169e-03
3.243326383280643876e-02 2.826693512734624637e-03
4.608458426259091217e-02 4.911404422613800148e-03
5.056132443434538729e-03 6.453522881260450195e-04
1.391870552213129129e-02 1.844921671147562456e-03
9.977148075408716517e-04 2.436143657567657920e-04
1.883807625052156057e-02 1.518091490785900260e-03
3.668422673138946885e-04 9.269947647047817243e-05
8.191734503724557720e-03 5.166852329605302243e-04
2.600460636655102520e-04 1.492422420774970236e-04
2.290398446778094815e-02 2.330260905741681106e-03
2.152283068931119987e-03 4.346198567448010465e-04
3.505761477497416900e-02 2.643597247638765965e-03
3.168868220380222783e-02 2.526123710701797670e-03
5.461522998135659099e-03 1.856554261934882915e-03
2.952459822075190893e-02 2.396959917972214891e-03
1.274950488365121128e-02 1.227348641061838663e-03
2.024955555441102992e-03 3.997315051571977682e-04
2.901832218515822538e-04 1.092595587482119292e-04
7.932298117159296974e-03 7.475179990738296939e-04
3.140444712517838355e-02 2.140816183711911382e-03
7.511756049986835493e-03 4.132521529510333152e-04
8.571537089807611601e-03 1.133178221614566852e-03
2.698589137315545589e-03 2.655859830955421331e-04
2.291373706939720499e-03 2.506310009487211022e-04
7.686481366895092648e-03 8.855166577289209527e-04
2.660885788184459526e-03 3.705508271473954254e-04
2.518967841790193535e-03 4.582465058603668769e-04
1.400227410973665064e-02 1.364663967789348561e-03
2.606095776225998521e-03 7.208463850374665673e-04
1.329000068461528607e-02 2.323368918841694705e-03
7.767616518250437981e-03 1.399867768772705603e-03
2.108700964431182404e-04 1.411869924131951468e-04
2.998385386895893040e-03 7.904730517822500160e-04
2.503251943591187564e-02 2.167523429363768257e-03
1.810031618892543256e-03 6.859462232884461046e-04
4.341616347165739437e-02 4.958031985952098507e-03
1.246479761189472728e-02 1.465868567322333805e-03
5.215476000596425132e-02 3.183034765259089554e-03
2.509140265574077294e-02 1.835904658505038440e-03
2.394220600951801198e-02 1.091189624218555322e-03
4.188753021148393374e-02 1.982658428994081568e-03
2.266097268378764601e-02 1.274305542054368504e-03
4.135299310717995003e-02 3.252383364122805008e-03
1.109320324989431644e-02 7.539147725864745646e-04
1.589709665433813174e-02 1.143431391202771657e-03
8.071969704481393162e-04 2.808062377198787562e-04
5.008567323326661158e-02 2.486327288976734884e-03
