9.938937650976458621e-03 1.791522602780113620e-03
2.411631187802773871e-02 2.225843210382317389e-03
5.938841194736733942e-02 3.471495369916051572e-03
5.985419362096811025e-02 3.045139600455161813e-03
9.582507410911042522e-02 4.633996220189632621e-03
1.033502800950178713e-01 5.061416388490423864e-03
4.081639306306684978e-02 2.917573944016722560e-03
7.824916355275848834e-02 3.729700504668595831e-03
2.937453253577220272e-02 2.510984993175676208e-03
4.342503423061449749e-03 4.527150029834316625e-04
1.562320311712475131e-03 2.365019098110852393e-04
8.938709211955825698e-03 9.327557466169316466e-04
2.541509505319525242e-02 2.203193975486867056e-03
7.333689728417144837e-02 5.028677041850264200e-03
2.734112132099376577e-02 1.919951019378663207e-03
8.836277420116082568e-03 5.180361732828615146e-04
8.293884837913146485e-03 1.506882736783263059e-03
2.295886191350413053e-02 3.533575358336022917e-03
2.732106271711632825e-02 1.960265124441823263e-03
3.586028537614574518e-02 2.521356174292243169e-03
3.628371611545894680e-03 7.170553001335220646e-04
3.015293558083930250e-02 2.574482968833646888e-03
1.041089358263252215e-03 9.100018870686721155e-04
2.653200900451892913e-02 1.781001092498975648e-03
6.762459338402177118e-03 1.876548888725484065e-03
1.391297618582730544e-02 2.461801904344708067e-03
4.873626756809411320e-02 3.375991348074832473e-03
1.575214122973418035e-02 1.623112578260444208e-03
6.697195530892163969e-03 6.185747625338925727e-04
4.224761244293169515e-02 2.110621787538655408e-03
6.476109825586283397e-02 2.710725413827441699e-03
1.508271771140907991e-02 1.733225359183519429e-03
6.790781852239151720e-03 4.585960300368928659e-04
3.054719756007853032e-02 1.959209974583443845e-03
1.041550474278997440e-01 3.557713838937819929e-03
7.483244526531415697e-03 5.516997875612798677e-04
2.104115324000166258e-03 2.610781969317628719e-04
2.492799879048839332e-02 1.864691556155339798e-03
3.200849707413896961e-02 2.154018611177637745e-03
8.123932395595173661e-02 4.727156446021877137e-03
3.026608736601166250e-02 2.585464940950712737e-03
5.288370736979301073e-02 2.535712218130866096e-03
4.397231098952186779e-02 3.716883577293262925e-03
9.243162956577654840e-03 1.269617956405890260e-03
8.527349522169899373e-03 2.189749630786309419e-03
4.635727791885979610e-02 2.629856412806598660e-03
2.200039341372715673e-02 2.302214488324665770e-03
2.334880557665187581e-03 5.173476353538133217e-04
1.994607694347882293e-02 3.141220675333762993e-03
1.344371429169020395e-02 1.200275847612878970e-03
1.825959164565645661e-03 4.033086354994929357e-04
5.473145840732113708e-03 6.388928165627772012e-04
2.940112357995828749e-02 1.621999559596696725e-03
4.661821695258996923e-02 2.818833301269522973e-03
1.142285272663290429e-03 1.152743841986065713e-04
4.661918954927470353e-04 4.656217345276243995e-05
1.819238169377484712e-02 2.852822332574290890e-04
6.833627085899886267e-03 5.306452232707801727e-04
3.036573215041870125e-02 1.757402402003822731e-03
3.677957495632296070e-02 2.309621968868597313e-03
5.483584882845652514e-02 2.702161158792815935e-03
5.358816776698131085e-02 3.819575562726447437e-03
3.981450441693135806e-02 1.528327140542239419e-03
1.004218675171062803e-03 1.177192037224042778e-04
1.766899640097111326e-03 5.283650152228242360e-04
9.232467305039003883e-04 3.016253893028890518e-04
8.474341043038293234e-03 6.902545648574278216e-04
1.094658068625109103e-04 6.300363714603071175e-05
1.137267906652965344e-02 5.760651759201689025e-04
0.000000000000000000e+00 0.000000000000000000e+00
1.109268164708063567e-02 7.164146893756672980e-04
3.403512471823742086e-02 1.060163325893842545e-03
1.119058170403445032e-02 6.213489656604405820e-04
1.584233063935186134e-02 1.659209636967707560e-03
2.455213310632934492e-02 9.791941066381721053e-04
2.820419948245496671e-03 2.390491823143321910e-04
4.104733915572708960e-03 4.924273609798277690e-04
2.330748586628629548e-02 1.948883913435465716e-03
2.779317894379238103e-03 3.868374816968137941e-04
4.810788689645600046e-03 3.734100598106443567e-04
2.632372337438399976e-02 7.926432139176663432e-04
8.202472472256342254e-03 1.325456970766033995e-03
1.313507288884958489e-03 2.675817148445852980e-04
1.165061985192081435e-02 7.657453469317664855e-04
2.667467954569969699e-02 2.365388882659421634e-03
2.537823449136969185e-03 4.207521555388169464e-04
0.000000000000000000e+00 0.000000000000000000e+00
2.095593374068612652e-02 7.327486042729348297e-04
1.366764016239963931e-03 4.926870397982194153e-04
1.973424339466447325e-02 1.612735288170826084e-03
4.072046830425532504e-02 2.674596873585980035e-03
6.615340084245124874e-02 3.184245036356514631e-03
4.376602818937487538e-02 1.534452264592341478e-03
4.393051446529207954e-02 3.106710632730025432e-03
3.858540288893637371e-02 2.077348052255812653e-03
2.278933263023849576e-02 2.828092355435885951e-03
6.196325576382585160e-02 5.127911962398252858e-03
2.393184668793773857e-03 2.602000156312476347e-04
8.264709770023315194e-02 4.008388690699494009e-03
9.370841812887667488e-02 5.507513096201330227e-03
1.035231767217414077e-02 5.937776176709443163e-04
2.131302012050520847e-02 2.095544704986388243e-03
3.940462765944002799e-02 3.056891053470824071e-03
3.153972704959852325e-02 3.007281466842103707e-03
2.044078777239040931e-04 1.552746982428245733e-05
3.058445044097018919e-03 1.005892186272672049e-04
2.801158585151941605e-02 1.689560901532622100e-03
2.417469282956201393e-02 2.063034129548125314e-03
2.734472169963999416e-02 2.116560201494064458e-03
3.860900025082435877e-02 3.573789411034431710e-03
4.495643068539878495e-02 2.395742943949829944e-03
5.753896232579178843e-02 2.977248314237320673e-03
5.001435990344332838e-02 4.232829069759306423e-03
3.387000431526383804e-02 2.841524253454728779e-03
5.932246333778781050e-02 4.012869942608696464e-03
3.882715837082113819e-03 7.905285573700316162e-04
1.672435228810430219e-02 2.282730852159576152e-03
4.859690629646838092e-04 1.035018818324517161e-04
1.851195155609195245e-02 9.979592141323881220e-04
1.180671792207570430e-04 6.675760462279143389e-05
1.040050539410491970e-02 1.095690954876314379e-03
9.694860251349034707e-04 6.608949257917384962e-04
2.389574601807733720e-02 2.499966135567137978e-03
4.319869970632115100e-03 8.002334504540862701e-04
4.142993736286557094e-02 2.126261905584079029e-03
3.208770812326784683e-02 2.337282269186196759e-03
6.193766086463933958e-03 2.319710951269421308e-03
3.216905044047867201e-02 2.343701068708792679e-03
2.076687035936413891e-02 1.029919249046575480e-03
1.412333203291623056e-04 9.822288241191114155e-05
7.494138557801299089e-04 2.211648442889458158e-04
8.028474999398715548e-03 1.272273277324971778e-03
2.825674995151525315e-02 1.443328098632241062e-03
5.948464100100277555e-03 4.985244504126572305e-04
9.055783589221608545e-03 9.976334495316594494e-04
2.451735581783741867e-03 4.474962530666152160e-04
4.099628951784155956e-03 6.740354210868057441e-04
6.370814522323594783e-03 7.826890693753116345e-04
3.881563468534984882e-03 5.242053301638630730e-04
2.998832653841474339e-03 6.578730000497422280e-04
1.388471898172299358e-02 1.598820418643848032e-03
2.755646635807745045e-03 5.976791722244169597e-04
1.310401524577536891e-02 2.044246299295469048e-03
5.898773955864311698e-03 1.373387204406164739e-03
1.633727932402916343e-03 8.661194039626623044e-04
3.911447359920753111e-03 1.051007438374144780e-03
1.254789508650480667e-02 2.209787878013401083e-03
1.912782106065014087e-02 4.566989685611828192e-03
4.885646610130367495e-02 4.274932714436085329e-03
1.346696569584111478e-02 1.675770830159010365e-03
5.039201048212190587e-02 2.883862646101897735e-03
2.069586455653201623e-02 8.414718857446230405e-04
1.990635542694433463e-02 8.407356229787104002e-04
4.146769320584355045e-02 2.610797427315803606e-03
2.880020554348793407e-02 1.848795463979866979e-03
3.814905284067012653e-02 2.940161447148403103e-03
1.555992095996243385e-02 1.075671507907069533e-03
1.397525259522610849e-02 1.850179742894152417e-03
8.386043145752584841e-04 3.445427013242957658e-04
3.811369671479735571e-02 5.015536909418564886e-03
