5.017799202135271933e-03 1.217489352047765924e-03
2.622749213779328528e-02 2.179979887263727191e-03
5.828739951118309254e-02 3.394326611165298518e-03
6.074028329402666321e-02 3.064941151528412493e-03
9.010488118618407982e-02 4.791257742403172079e-03
9.583086529721948632e-02 3.299633612582336586e-03
2.719833655624192409e-02 3.777902624864418104e-03
6.768745404784295983e-02 3.981233961119948206e-03
4.254610736120667536e-02 2.538698568291782379e-03
5.192012719824729526e-03 6.252109478758107863e-04
1.434226734700962645e-03 2.112732255384386685e-04
8.337877213278962682e-03 4.989850170840336987e-04
2.813874966583420484e-02 2.408632346551591204e-03
6.336685953016642225e-02 5.416085242492573067e-03
3.162808262682512833e-02 2.741624020661302761e-03
1.122872092587460027e-02 1.262969723281375184e-03
1.174173818881744415e-02 2.895693204400239321e-03
1.639614245532399622e-02 2.535684713467544014e-03
3.499241116591010614e-02 2.645922764145252921e-03
3.330065282584072223e-02 3.325499652373600009e-03
1.696023417327999260e-03 5.550823441753493896e-04
2.227620134881782427e-02 1.971780525985872713e-03
1.593538432234262517e-03 6.883873662827372621e-04
3.411388130751082104e-02 3.277521281063719861e-03
6.360800167229528623e-03 1.744726273012494819e-03
1.707879528230874661e-02 2.388813233192306658e-03
5.072614794003095506e-02 4.670864357873220039e-03
1.441614966669348130e-02 2.261050875924785521e-03
8.711472099789742060e-03 7.716972153494622289e-04
4.336648687398626800e-02 2.144961252734448737e-03
6.531210404179060847e-02 3.503558054342204714e-03
1.616538791668751390e-02 1.702059498931999355e-03
7.324547716783705135e-03 7.119313793909381105e-04
3.467285528944784312e-02 2.198408118058318983e-03
9.879514484914354855e-02 3.497547283617587037e-03
7.509314996704018370e-03 9.675288859273664579e-04
2.360773316888346331e-03 4.143519158266625846e-04
2.681454245085854171e-02 1.907239309335924090e-03
2.782726950406787594e-02 3.427511934691866279e-03
9.747014930769569430e-02 4.584612894374731455e-03
3.296900957008699201e-02 2.299800009557815324e-03
5.037054580742558046e-02 2.655944381412228984e-03
4.918858259310346370e-02 3.083065795351659817e-03
8.411667985366194297e-03 1.221376097755943893e-03
2.000914537203299717e-02 3.609747614105477363e-03
4.125598008315001231e-02 1.583840930379954272e-03
1.536997019074098046e-02 9.182995708574885835e-04
4.148367768063496511e-03 8.364872794890406511e-04
2.196465294141628638e-02 3.448128554551571721e-03
1.303869463834530715e-02 1.402110474902220662e-03
4.083897328361236166e-03 6.092321210989793930e-04
3.797266290904805115e-03 5.080229864794103206e-04
2.131835065618242764e-02 1.669240138536736773e-03
3.391538131885339646e-02 2.941341218032154491e-03
6.338352365895746649e-04 8.508702729864207307e-05
9.183613618561593198e-04 1.552615919374064428e-04
2.119758722129339024e-02 1.516688090333437322e-03
6.153301528400308661e-03 9.063393709874021861e-04
3.694266870124003621e-02 1.998282727765353286e-03
4.145574472765183038e-02 2.692895310769497647e-03
5.678298463104404503e-02 2.110498005451752913e-03
5.158256576724173925e-02 2.531189127437206716e-03
3.356119150462192474e-02 1.360313080053127469e-03
1.523236363756308356e-03 4.691644716365560319e-04
5.292958630161450316e-03 1.023306515835868680e-03
2.722968723175589814e-03 6.662455292026680034e-04
5.133365947210466289e-03 6.232439809829426599e-04
1.787373965888731442e-04 9.912146913115384779e-05
1.591555123697012061e-02 1.012903224779453191e-03
0.000000000000000000e+00 0.000000000000000000e+00
8.966950066290210741e-03 4.507095116890415449e-04
4.060496036561798971e-02 1.593908538941164483e-03
9.262463145461561492e-03 6.901962005261844330e-04
1.734064451236524279e-02 1.613585187485281486e-03
2.465748186414410542e-02 7.977610833429931185e-04
2.521664221044898815e-03 3.394004104133831385e-04
4.427804696564653641e-03 6.381657577346410912e-04
2.460134550227096456e-02 2.261493099912388529e-03
2.268142063349568548e-03 3.876549775441178900e-04
4.758569484424895850e-03 4.214979459555990692e-04
2.604348106609467514e-02 8.676627758323775643e-04
6.772013549769845438e-03 5.157529890540751491e-04
1.527640903552099274e-03 2.097971037889772336e-04
1.150117012641567460e-02 6.360861930449767136e-04
2.755267310040893786e-02 1.423822793524187266e-03
3.097590769117910744e-03 3.902019848601960680e-04
0.000000000000000000e+00 0.000000000000000000e+00
2.092357121300075090e-02 5.549917470480836713e-04
4.918080486604407397e-04 1.612638706195048787e-04
1.651083197449327092e-02 1.546624210662710499e-03
4.907677345124127760e-02 2.724099916082310061e-03
6.229727184933484679e-02 4.021862673225450394e-03
3.997964168464038237e-02 2.623900148385197983e-03
5.499238785575576161e-02 3.289852096892126494e-03
3.912703908485972576e-02 2.559708614167180169e-03
2.136937506495135281e-02 1.626218960023730238e-03
5.984634543566600545e-02 5.316039819927839867e-03
2.031823342419881821e-03 2.661543966603399907e-04
7.883118406752741281e-02 3.142615784908967327e-03
8.990968736824014873e-02 4.766860292886700504e-03
9.324728434917514339e-03 7.922434740759652086e-04
1.770600080541431809e-02 1.917335568601037394e-03
4.553300527964353889e-02 3.821082467233523523e-03
3.758818493296650631e-02 2.764953315711962765e-03
2.062973177240506081e-04 1.357429466529450850e-05
3.612160701182799867e-03 3.175120308178047343e-04
2.818404984848634290e-02 2.648732810099399884e-03
2.321251472752106776e-02 1.875128228002400158e-03
2.434007207935534600e-02 1.836749193589924190e-03
5.182021947926951366e-02 4.354886267144023569e-03
4.581657375892850964e-02 2.762339213352188287e-03
6.404939202525161690e-02 2.680433139194767986e-03
6.576050849488632166e-02 4.235320135658673414e-03
4.009855261794309511e-02 2.366059019959900703e-03
4.784672910980503763e-02 4.241651786059588876e-03
5.012351665742176623e-03 6.277610732940902072e-04
1.513861258558413768e-02 1.327902902559976138e-03
1.363986868231661671e-03 2.059722457725144675e-04
2.038504673193507200e-02 1.431536986733717483e-03
2.735985561785926612e-04 1.322985957193146026e-04
8.021955497096854015e-03 7.419031971810672926e-04
6.146919423728657234e-04 2.731852256831848757e-04
2.866476611112245276e-02 3.891001219493525620e-03
3.402363337874746672e-03 8.509437621015437112e-04
3.748939298333821279e-02 3.394262864880011245e-03
2.777523529803398519e-02 2.888820604952266075e-03
2.479811475042515475e-03 1.205629927669088844e-03
3.050740329614846230e-02 2.228896076171243534e-03
1.336607154295911884e-02 1.183103137716933579e-03
1.151578022578631563e-03 2.771798295678100182e-04
5.546891139419083457e-04 1.739814468849605687e-04
7.411917614951539848e-03 7.814071909732568698e-04
3.077006308978937760e-02 2.039264208498103165e-03
7.532301055750326158e-03 5.096433429764531727e-04
1.023357197835057450e-02 1.026493957443497598e-03
2.872961166038375154e-03 3.836543755710022322e-04
3.656866034325387087e-03 5.659311564845044855e-04
7.257635741873240051e-03 1.164300329132420160e-03
3.792726365605549911e-03 4.937930128455438224e-04
2.926623631899104815e-03 5.722017224923657856e-04
1.654834063008196396e-02 1.976634675476838209e-03
3.712378520258034689e-03 1.044254045482638808e-03
1.199392458053434064e-02 2.484596230406350623e-03
7.200633866547967617e-03 1.415782440584204514e-03
1.794090749821261209e-03 7.078484147437445187e-04
2.080549363223900289e-03 9.566908649587085563e-04
2.328341598626703854e-02 2.401045732937827706e-03
8.402556499177511653e-04 4.516917074954277444e-04
3.722405869166350162e-02 4.408437593433637593e-03
1.400139435407831388e-02 1.634687334510463285e-03
4.856374893405450421e-02 4.157231851343141764e-03
1.879463985954643243e-02 1.122360234639105002e-03
2.278402080500231339e-02 8.986460447533889439e-04
4.235631961339055007e-02 2.361165949963002497e-03
2.438902689894919401e-02 1.437560293423506465e-03
3.089162935666856999e-02 2.890872223917156578e-03
1.119571644688594284e-02 8.527409967906410737e-04
1.616939248923620828e-02 1.362285864312121845e-03
1.829929364362878081e-03 5.706071644854159497e-04
4.503057429947239509e-02 4.436725279972445271e-03
