5.259871900214201958e-03 1.235484583851522702e-03
2.798567022344321600e-02 2.167997772760012730e-03
5.480210245453783630e-02 3.097185449103407803e-03
6.282346630264788734e-02 4.250021656894697152e-03
9.591925658121495946e-02 4.313404160509459739e-03
1.136604614185804663e-01 5.440074236991753950e-03
4.145772374633676510e-02 3.859298505770418757e-03
7.156035356175584339e-02 3.168073474552506649e-03
3.045530710341506908e-02 1.760644055777629922e-03
3.680048971436690637e-03 5.137111791033582581e-04
1.617200611232189056e-03 2.256064233193294001e-04
6.816768763915573119e-03 4.990854708993015636e-04
2.735547819601209449e-02 1.591089793160963949e-03
6.250134350501167224e-02 3.924374606947931589e-03
2.379735955637048150e-02 1.246830011254685322e-03
6.482438947632766617e-03 6.754547643558833029e-04
5.559419236861454401e-03 7.335932510306615844e-04
3.908898814354457019e-02 1.827302663116066447e-03
2.819310074485015943e-02 1.837959839968122304e-03
3.058363342067691587e-02 3.610347989756901299e-03
9.417356604655457639e-03 1.915718890497074799e-03
3.115142321485655022e-02 1.980986082673816696e-03
9.135195439844839838e-04 2.510545259123864062e-04
3.625783300804542864e-02 2.825252621587075966e-03
1.531256657051265416e-02 2.408613200947396730e-03
1.695066272268960436e-02 2.118273156057450760e-03
4.956498567937807354e-02 3.070821836780242807e-03
2.324545439030397537e-02 2.092293941029982514e-03
9.245867716692508786e-03 9.263562646185255836e-04
3.924837120899771908e-02 1.720810867715714954e-03
6.792314040047742196e-02 2.504181493265084449e-03
1.840835341584420165e-02 2.331800877643543969e-03
6.480960997726730247e-03 6.455034918173672845e-04
2.941679210181627480e-02 2.500505009545835131e-03
9.797559851071427350e-02 4.018109438961108525e-03
8.334791743930541549e-03 7.889034908402292254e-04
2.835693801274291083e-03 4.610506642461719134e-04
2.361041405157908446e-02 1.399478288600572483e-03
2.844627631033336962e-02 1.718007326033303564e-03
9.565185144482378499e-02 4.051010889640806190e-03
4.204188939276555514e-02 3.564911450426659547e-03
5.863755759770279685e-02 2.765043892649082704e-03
5.161867135604018830e-02 2.688247850523478848e-03
7.184010150765453295e-03 8.201864079333418206e-04
9.773096951441356470e-03 2.060393220088304559e-03
5.192203693674483228e-02 2.884999698684247681e-03
1.888010405614396273e-02 1.513007780280663022e-03
2.594864896705209329e-03 4.881127654902762199e-04
1.356650778915525699e-02 2.722905887174916720e-03
1.434485793282276600e-02 1.116495934674890771e-03
3.150735720325400883e-03 4.724052008374081337e-04
3.569033692654194519e-03 4.806644691092247772e-04
1.856311647177849578e-02 1.450368849701526210e-03
2.993168574253176131e-02 2.998910186808497521e-03
6.488532927230507849e-04 9.007121241588232695e-05
1.111259815243904794e-03 3.414792313496070619e-04
2.106292423695365137e-02 1.947346037958905306e-03
6.499560553710197197e-03 7.434852018013353003e-04
3.439182926325946854e-02 2.062692493588912448e-03
3.873314010682786523e-02 2.107142654027662539e-03
5.037622428061892810e-02 1.722618249478455018e-03
4.951865597128075891e-02 2.349474090581762410e-03
3.759636574722963892e-02 2.032115026869913549e-03
7.931921482282830189e-04 1.569934133694195243e-04
3.272100804225054616e-03 8.467122198337676247e-04
2.913451122224938565e-03 8.013538702798049095e-04
7.181503386265626794e-03 7.710350585848820557e-04
1.379099113380264708e-04 8.001000743622648133e-05
1.297029494723221134e-02 5.934803123047379140e-04
0.000000000000000000e+00 0.000000000000000000e+00
8.792921667322810275e-03 5.797466930763299584e-04
3.929771679070109131e-02 1.707891020192155683e-03
8.829986774398067978e-03 5.801745448620348631e-04
1.785034406591974251e-02 1.572739515061034920e-03
2.345330835720372403e-02 1.122167994054365384e-03
3.819796999320200677e-03 7.076930052897615914e-04
5.962780353627558649e-03 6.922786172020766121e-04
2.995635067579818095e-02 2.624121091065406610e-03
2.608868511131059217e-03 3.486197281150881780e-04
4.887169754392528716e-03 3.675406654600718343e-04
2.450154789001416505e-02 1.401605498884125195e-03
6.796525434405994992e-03 8.278548427624312853e-04
1.661070111628484185e-03 2.324293553018431024e-04
1.111338354377293218e-02 6.552048638293475136e-04
2.316733406462902559e-02 1.254541337366516743e-03
2.799617784609067725e-03 2.992609268415579609e-04
0.000000000000000000e+00 0.000000000000000000e+00
1.997910034935007628e-02 6.463547856543565935e-04
8.962451995085480780e-04 2.396449085568528648e-04
1.870101617390209151e-02 1.249081096558979321e-03
4.632397210883044958e-02 2.689566390429527689e-03
6.119242779556608586e-02 3.617766243863324190e-03
3.660541277028415974e-02 1.892402125723534724e-03
5.022902413486274309e-02 2.492476731491209598e-03
3.879091820987298073e-02 1.746388464031877353e-03
2.025337230358138091e-02 1.382572975365560551e-03
5.884611534078684064e-02 3.838303456209381410e-03
1.238965430152982536e-03 1.997440256035715265e-04
8.144566738701120023e-02 3.264964916124987477e-03
9.279036205502044776e-02 3.793686993874057813e-03
8.716187324910912651e-03 8.341014791773035918e-04
1.311605649145499222e-02 2.340388979447385279e-03
5.330151505351375663e-02 2.643014418540375055e-03
3.552912735726571070e-02 3.823375093825191490e-03
2.087643242444267545e-04 2.056983166413068920e-05
7.276973886358955798e-03 1.346717921435585915e-03
3.546795831790403031e-02 2.930204059983150446e-03
2.218425097312057281e-02 2.507615494299007906e-03
2.378367927533914586e-02 2.154558486604399564e-03
3.684742170801067612e-02 3.599163469632609552e-03
3.834427826004392637e-02 1.612037446085934876e-03
5.590831589830110721e-02 2.810564162962068957e-03
3.886521840965984076e-02 2.843361211032486603e-03
3.149570304896069650e-02 2.481393706207754742e-03
4.738321538555891055e-02 3.433293767896304291e-03
4.903443922627407150e-03 8.057471793719931654e-04
1.110028609713465189e-02 1.114415497685214765e-03
6.218296695279836852e-04 1.057789734768123195e-04
1.945086110421277020e-02 1.286182706827083055e-03
3.199674659363959599e-04 2.081616177757625134e-04
7.734465342727469064e-03 1.015273611866668356e-03
1.636247892789936126e-03 7.883242811545314831e-04
2.676888635729909177e-02 2.590022595427244820e-03
4.386464698560415751e-03 6.529869916795416921e-04
3.257716902634927303e-02 2.087465074788176674e-03
2.933361558141130490e-02 2.603174472322217561e-03
4.298755746957393098e-03 1.334087181466900394e-03
3.086115398865577758e-02 1.968968723063684641e-03
1.885020632636425636e-02 1.481750712598442488e-03
3.713059836671365110e-04 1.368554926103725407e-04
8.976965155852690507e-04 3.104871387128503666e-04
9.593015345265874794e-03 1.283602061332832917e-03
2.308190285692536536e-02 1.717448828579530400e-03
6.501319399183631657e-03 4.949264170981672274e-04
9.984878876072317971e-03 1.249773954094127735e-03
2.725984708326733945e-03 1.847678955747044445e-04
3.377742187500637396e-03 5.749583072098613705e-04
6.440929056713654358e-03 6.769674522471193093e-04
3.459610651951516326e-03 4.340044255601685258e-04
1.779723506151407010e-03 3.983894179972027926e-04
1.134506366255983584e-02 1.100114729486070635e-03
2.047693007507231551e-03 3.550131629084121265e-04
7.384049154987919368e-03 7.820761243916109825e-04
5.336123849572095741e-03 8.085677891007022602e-04
8.836001193297588261e-06 5.389454371775703028e-06
7.325907289290026388e-03 8.355868681716983014e-04
2.538089618697637537e-02 1.767226267048617591e-03
1.137904323643561082e-03 3.648608853971860148e-04
3.629627439563695018e-02 4.032388561456618642e-03
8.433728303423888156e-03 9.796977768408868335e-04
4.549618405386464393e-02 2.531570861331705960e-03
2.310223263368571534e-02 1.174333243383134670e-03
2.278171235650528620e-02 1.017200410143632820e-03
4.470362071094306777e-02 2.652572584889792591e-03
2.203443717115446954e-02 1.423462248965188864e-03
4.050214084057821712e-02 1.950566820232618520e-03
1.244234070699414170e-02 1.195641654493682449e-03
2.150891773673783980e-02 2.181288005451491666e-03
1.175865217054391934e-03 3.577246763796344494e-04
2.837038401271585464e-02 4.300396063607464514e-03
